% time-domain current integration by openEMS v0.37.0-rc1-2-g7b051bb @Mon Jul 27 23:34:45 2026
% start-coordinates: (-5.50625e-07,-1.19556e-06,0.00028884) m -> [131,14,25]
% stop-coordinates: (-5.50625e-07,1e-05,0.00029218) m -> [131,23,28]
% t/s	current
7.92178542699e-16	0
4.16606695605e-12	-7.83184350706e-11
8.33134173356e-12	-2.75708691988e-11
1.24966165111e-11	4.73141525958e-11
1.66618912886e-11	3.39983013964e-10
2.08271660661e-11	1.03039021759e-09
2.49924408436e-11	2.28796492863e-09
2.91577156211e-11	4.1535592743e-09
3.33229903986e-11	6.26889384847e-09
3.74882651761e-11	7.60386775767e-09
4.16535399536e-11	6.30026564252e-09
4.58188147311e-11	-1.11441231243e-10
4.99840895086e-11	-1.39399141119e-08
5.41493642862e-11	-3.60815910483e-08
5.83146390637e-11	-6.47228475259e-08
6.24799138412e-11	-9.46855394091e-08
6.66451886187e-11	-1.18120929926e-07
7.08104633962e-11	-1.26634645881e-07
7.49757381737e-11	-1.14177680643e-07
7.91410129512e-11	-7.93885703843e-08
8.33062877287e-11	-2.61403378943e-08
8.74715625062e-11	3.79999214317e-08
9.16368372837e-11	1.04555937241e-07
9.58021120612e-11	1.66586417549e-07
9.99673868388e-11	2.1953825069e-07
1.04132661616e-10	2.60431988863e-07
1.08297936394e-10	2.86520048576e-07
1.12463211171e-10	2.94773116138e-07
1.16628485949e-10	2.82869763168e-07
1.20793760726e-10	2.51021930353e-07
1.24959035504e-10	2.03285964062e-07
1.29124310281e-10	1.47245629023e-07
1.33289585059e-10	9.2008086483e-08
1.37454859836e-10	4.54921220694e-08
1.41620134614e-10	1.23076207004e-08
1.45785409391e-10	-6.88236134749e-09
1.49950684169e-10	-1.45483731728e-08
1.54115958946e-10	-1.46659608902e-08
1.58281233724e-10	-1.11358140487e-08
1.62446508501e-10	-6.8073156001e-09
1.66611783279e-10	-3.22025983657e-09
1.70777058056e-10	-8.55330195559e-10
1.74942332834e-10	4.19512896643e-10
1.79107607611e-10	9.58825130404e-10
1.83272882389e-10	1.09846542973e-09
1.87438157166e-10	1.06818986989e-09
1.91603431944e-10	1.03147057562e-09
1.95768706721e-10	9.33745525344e-10
1.99933981499e-10	8.30433166676e-10
2.04099256276e-10	8.11228362263e-10
2.08264531054e-10	7.65307039963e-10
2.12429805831e-10	7.1555844583e-10
2.16595080609e-10	6.73574473975e-10
2.20760355387e-10	6.31919183647e-10
2.24925630164e-10	5.93081694866e-10
2.29090904942e-10	5.59271629008e-10
2.33256179719e-10	5.25111287786e-10
2.37421454497e-10	4.93575180727e-10
2.41586729274e-10	4.62228783027e-10
2.45752004052e-10	4.33052677051e-10
2.49917278829e-10	4.07428951688e-10
2.54082553607e-10	3.83436365992e-10
2.58247828384e-10	3.61586732778e-10
2.62413103162e-10	3.39687417084e-10
2.66578377939e-10	3.1882652074e-10
2.70743652717e-10	2.98525731912e-10
2.74908927494e-10	2.81609319197e-10
2.79074202272e-10	2.66862448806e-10
2.83239477049e-10	2.50997694851e-10
2.87404751827e-10	2.3746696276e-10
2.91570026604e-10	2.22941928807e-10
2.95735301382e-10	2.11073658551e-10
2.99900576159e-10	1.9949356056e-10
3.04065850937e-10	1.89409266049e-10
3.08231125714e-10	1.782253789e-10
3.12396400492e-10	1.69119010462e-10
3.16561675269e-10	1.60253338377e-10
