% time-domain voltage integration by openEMS v0.37.0-rc1-2-g7b051bb @Mon Jul 27 23:34:45 2026
% start-coordinates: (-2.22e-05,5e-06,0.00029118) m -> [114,19,27]
% stop-coordinates: (2.22e-05,5e-06,0.00029118) m -> [149,19,27]
% t/s	voltage
0	-0
4.16527477751e-12	-7.38905986397e-09
8.33054955502e-12	-1.07248345066e-08
1.24958243325e-11	-7.88909632066e-11
1.666109911e-11	3.87521467693e-08
2.08263738875e-11	1.33686684611e-07
2.49916486651e-11	3.16790014221e-07
2.91569234426e-11	6.00396091066e-07
3.33221982201e-11	9.35516865752e-07
3.74874729976e-11	1.1562664195e-06
4.16527477751e-11	9.40026797736e-07
4.58180225526e-11	-1.68707097181e-07
4.99832973301e-11	-2.61910137311e-06
5.41485721076e-11	-6.58387533292e-06
5.83138468851e-11	-1.16237425374e-05
6.24791216626e-11	-1.64513353411e-05
6.66443964401e-11	-1.9006375112e-05
7.08096712176e-11	-1.69914536627e-05
7.49749459952e-11	-8.80891825261e-06
7.91402207727e-11	5.43075541515e-06
8.33054955502e-11	2.3337135957e-05
8.74707703277e-11	4.05476524179e-05
9.16360451052e-11	5.19983958611e-05
9.58013198827e-11	5.37454750429e-05
9.99665946602e-11	4.45619517109e-05
1.04131869438e-10	2.65515424758e-05
1.08297144215e-10	4.44759857032e-06
1.12462418993e-10	-1.61034104167e-05
1.1662769377e-10	-3.05031636572e-05
1.20792968548e-10	-3.65662369859e-05
1.24958243325e-10	-3.48056602775e-05
1.29123518103e-10	-2.77020671433e-05
1.3328879288e-10	-1.84497299358e-05
1.37454067658e-10	-9.78787541328e-06
1.41619342435e-10	-3.33482541492e-06
1.45784617213e-10	4.82509079802e-07
1.4994989199e-10	2.08333411678e-06
1.54115166768e-10	2.25109973329e-06
1.58280441545e-10	1.74254407526e-06
1.62445716323e-10	1.08535058096e-06
1.666109911e-10	5.47153223174e-07
1.70776265878e-10	2.0233634368e-07
1.74941540655e-10	2.31638460635e-08
1.79106815433e-10	-4.94132544882e-08
1.8327209021e-10	-6.7416195626e-08
1.87437364988e-10	-6.40703389232e-08
1.91602639765e-10	-5.15713242111e-08
1.95767914543e-10	-4.66648905073e-08
1.9993318932e-10	-4.14718878128e-08
2.04098464098e-10	-4.05312167717e-08
2.08263738875e-10	-3.82271792554e-08
2.12429013653e-10	-3.57439250975e-08
2.1659428843e-10	-3.364017781e-08
2.20759563208e-10	-3.15771921389e-08
2.24924837985e-10	-2.96346224227e-08
2.29090112763e-10	-2.79508025058e-08
2.3325538754e-10	-2.62387398475e-08
2.37420662318e-10	-2.46597560705e-08
2.41585937096e-10	-2.30903340892e-08
2.45751211873e-10	-2.16436380485e-08
2.49916486651e-10	-2.03667084031e-08
2.54081761428e-10	-1.91467333654e-08
2.58247036206e-10	-1.80596750055e-08
2.62412310983e-10	-1.69762227886e-08
2.66577585761e-10	-1.59257600996e-08
2.70742860538e-10	-1.49112128756e-08
2.74908135316e-10	-1.40820786976e-08
2.79073410093e-10	-1.33360061327e-08
2.83238684871e-10	-1.25438992804e-08
2.87403959648e-10	-1.1859689425e-08
2.91569234426e-10	-1.11393803348e-08
2.95734509203e-10	-1.05484567053e-08
2.99899783981e-10	-9.96492552363e-09
3.04065058758e-10	-9.46394344836e-09
3.08230333536e-10	-8.90541498877e-09
3.12395608313e-10	-8.45752849699e-09
3.16560883091e-10	-8.00800417644e-09
